seq_id,   A,     C,     D,     E,     F,     G,     H,     I,     K,     L,     M,     N,     P,     Q,     R,     S,     T,     V,     W,     Y,   Hydropho,  HW_Hydro,  Charge,  Mol_Wt,   Isoelectric pt,   instbl_indx,   Ali_index
0C349 ,0.0000,0.2727,0.0000,0.0455,0.0000,0.1364,0.0909,0.0000,0.0909,0.0000,0.0000,0.0000,0.0909,0.0455,0.1364,0.0909,0.0000,0.0000,0.0000,0.0000,  -1.1682,   0.5364,  3.3693,   2432.8351,   8.9610,       60.8591         0.0000
0C828 ,0.0580,0.0870,0.0435,0.0145,0.0290,0.0725,0.0145,0.0145,0.0145,0.0580,0.0725,0.0290,0.0725,0.0145,0.0725,0.0870,0.1159,0.1159,0.0000,0.0145,  0.2145,   -0.2043,  1.0813,   7372.5993,   8.3069,       32.9377         67.6812
0C829 ,0.0500,0.0750,0.0500,0.0250,0.0250,0.0625,0.0125,0.0125,0.0500,0.0375,0.0625,0.0375,0.1000,0.0125,0.0875,0.0750,0.1125,0.1000,0.0000,0.0125,  -0.3212,   0.1062,  4.0740,   8707.0835,   9.1211,       39.0087         53.5000
0CB20 ,0.0650,0.1138,0.0407,0.0569,0.0325,0.0569,0.0081,0.0244,0.0325,0.0407,0.0813,0.0407,0.0325,0.0407,0.0650,0.0813,0.0569,0.0976,0.0000,0.0325,  0.0276,   -0.0724,  -1.1769,   13634.8482,   6.5229,       51.5398         60.1626
28879 ,0.0556,0.0833,0.0972,0.0417,0.0417,0.0972,0.0139,0.0000,0.0139,0.0556,0.0694,0.0417,0.0417,0.0000,0.0972,0.0972,0.0694,0.0694,0.0000,0.0139,  -0.3583,   0.2111,  -2.9156,   7829.7827,   5.1076,       40.0722         47.3611
28880 ,0.0556,0.1111,0.0139,0.0278,0.0000,0.0694,0.0139,0.0417,0.0556,0.0833,0.0278,0.0000,0.0139,0.0278,0.1250,0.1250,0.1389,0.0556,0.0000,0.0139,  -0.1639,   0.1319,  9.0105,   7830.1577,   9.8210,       56.7917         70.4167
86DU6 ,0.0548,0.0959,0.1096,0.0274,0.0274,0.0685,0.0274,0.0137,0.0411,0.1096,0.0411,0.0274,0.0959,0.0411,0.0822,0.0685,0.0274,0.0274,0.0137,0.0000,  -0.5178,   0.2356,  -1.9206,   8105.2400,   6.0154,       44.5260         61.5068
0C1X2 ,0.0698,0.0581,0.0581,0.0349,0.0349,0.0930,0.0000,0.0349,0.0465,0.1047,0.0233,0.0465,0.0465,0.0349,0.1047,0.0465,0.0930,0.0116,0.0000,0.0581,  -0.5360,   0.1128,  4.0629,   9660.9479,   9.1407,       54.2047         64.7674
0C837 ,0.0952,0.0317,0.1111,0.0317,0.0159,0.0952,0.0000,0.0159,0.0317,0.0794,0.0476,0.0317,0.0635,0.0635,0.0635,0.0317,0.0476,0.1111,0.0317,0.0000,  -0.2444,   0.0968,  -3.8231,   6830.6968,   4.4721,       33.7698         78.8889
0CE77 ,0.0500,0.3000,0.0000,0.0000,0.0000,0.1500,0.0500,0.0000,0.1000,0.0000,0.0000,0.1000,0.0000,0.0500,0.0500,0.1000,0.0000,0.0000,0.0500,0.0000,  -0.6450,   -0.0100,  2.3392,   2145.4730,   8.6889,       12.1000         5.0000
0DQY7 ,0.1379,0.2069,0.0000,0.0000,0.0000,0.0690,0.0345,0.0000,0.0000,0.0690,0.0000,0.0345,0.1034,0.0345,0.0000,0.0000,0.2069,0.0690,0.0000,0.0345,  0.5828,   -0.6690,  -0.6060,   2900.3774,   6.7263,       49.7759         60.6897
15471 ,0.0625,0.0625,0.1094,0.0625,0.0469,0.0625,0.0156,0.0156,0.0469,0.0469,0.0781,0.0156,0.0469,0.0000,0.0938,0.0938,0.0469,0.0781,0.0000,0.0156,  -0.4141,   0.3641,  -2.8597,   7164.1256,   5.1730,       48.2313         53.2812
28881 ,0.0556,0.1111,0.0556,0.0000,0.0000,0.0833,0.0139,0.0278,0.0972,0.1111,0.0278,0.0000,0.0139,0.0417,0.0833,0.1111,0.0972,0.0556,0.0000,0.0139,  -0.1583,   0.1639,  8.0005,   7741.1008,   9.4977,       45.3514         75.8333
9XZK2 ,0.0845,0.1127,0.0282,0.0000,0.0000,0.0704,0.0141,0.0423,0.0986,0.0986,0.0423,0.0141,0.0141,0.0282,0.0845,0.0986,0.1127,0.0423,0.0000,0.0141,  -0.0268,   0.0606,  9.9998,   7628.0955,   9.7945,       43.8239         75.6338
9XZK5 ,0.0488,0.0854,0.0488,0.0366,0.0854,0.0732,0.0244,0.0488,0.0732,0.0976,0.0366,0.0366,0.0366,0.0000,0.0366,0.0610,0.0854,0.0488,0.0244,0.0122,  0.2159,   -0.2537,  1.0674,   9216.7761,   8.2022,       27.8402         76.0976
2BKJ0 ,0.0270,0.0946,0.0811,0.0405,0.0541,0.0676,0.0000,0.0270,0.0541,0.1351,0.0405,0.0270,0.0676,0.0676,0.0405,0.0811,0.0270,0.0405,0.0000,0.0270,  -0.0851,   -0.0297,  -2.9884,   8269.5532,   4.7648,       55.2324         77.7027
05487 ,0.0000,0.2222,0.0000,0.0000,0.0000,0.1111,0.0000,0.2222,0.0000,0.0000,0.0000,0.1111,0.1111,0.0000,0.2222,0.0000,0.0000,0.0000,0.0000,0.0000,  -0.0556,   0.0667,  1.4387,   1031.2568,   9.0235,       22.9889         86.6667
0C831 ,0.0694,0.1111,0.0556,0.0000,0.0000,0.0972,0.0139,0.0139,0.0972,0.1111,0.0417,0.0000,0.0139,0.0278,0.0972,0.0833,0.0972,0.0556,0.0000,0.0139,  -0.1667,   0.1944,  9.0004,   7741.1703,   9.6447,       37.5042         71.8056
28878 ,0.0769,0.3077,0.0769,0.0000,0.0769,0.0769,0.0769,0.0000,0.0769,0.0000,0.0000,0.0769,0.0769,0.0000,0.0000,0.0000,0.0000,0.0000,0.0000,0.0769,  -0.2154,   -0.2769,  -0.5991,   1460.6799,   6.7082,       72.1077         7.6923
9XZL4 ,0.0694,0.1111,0.0139,0.0278,0.0000,0.0694,0.0139,0.0417,0.0556,0.0972,0.0139,0.0000,0.0278,0.0278,0.1250,0.0972,0.1250,0.0694,0.0000,0.0139,  -0.0444,   0.0944,  9.0105,   7804.1849,   9.8210,       51.7361         81.2500
9XZL5 ,0.0556,0.1111,0.0139,0.0278,0.0000,0.0694,0.0139,0.0417,0.0556,0.0972,0.0278,0.0000,0.0278,0.0278,0.1250,0.1111,0.1389,0.0556,0.0000,0.0000,  -0.1042,   0.1347,  9.0137,   7790.1800,   9.9127,       61.2875         75.8333
2KJ30 ,0.0769,0.0897,0.0513,0.0256,0.0513,0.0769,0.0256,0.0385,0.0769,0.1026,0.0513,0.0641,0.0385,0.0000,0.0385,0.0513,0.0641,0.0513,0.0256,0.0000,  0.1321,   -0.1744,  2.0686,   8582.0818,   8.5481,       35.5115         77.5641
4HPG6 ,0.0769,0.1026,0.1795,0.0769,0.0256,0.1026,0.0513,0.0000,0.0769,0.0000,0.0256,0.0256,0.0256,0.0000,0.1282,0.0769,0.0000,0.0000,0.0000,0.0256,  -1.6897,   1.0897,  -2.8594,   4418.6963,   5.4812,       57.4846         7.6923
4HPG7 ,0.0448,0.0896,0.1045,0.0448,0.0448,0.0896,0.0149,0.0149,0.0149,0.0448,0.0299,0.0448,0.0448,0.0000,0.0746,0.1194,0.0896,0.0746,0.0000,0.0149,  -0.3687,   0.2015,  -4.9155,   7183.8753,   4.5625,       47.8716         49.4030
4HPG8 ,0.0513,0.1282,0.1538,0.0769,0.0000,0.1282,0.0256,0.0000,0.0513,0.0000,0.0256,0.0513,0.0513,0.0000,0.1282,0.1026,0.0000,0.0000,0.0000,0.0256,  -1.6333,   1.0128,  -2.9166,   4278.5349,   5.0736,       59.6615         5.1282
4HPH0 ,0.0408,0.1224,0.1224,0.0816,0.0000,0.1224,0.0204,0.0000,0.0204,0.0000,0.0204,0.0612,0.0816,0.0000,0.1429,0.1224,0.0204,0.0000,0.0000,0.0204,  -1.6163,   0.9163,  -2.9433,   5335.6337,   5.1443,       75.8653         4.0816
4HPH1 ,0.0746,0.0746,0.1045,0.0448,0.0448,0.0597,0.0299,0.0000,0.0299,0.0597,0.0299,0.0149,0.0299,0.0000,0.0896,0.1194,0.0896,0.0746,0.0000,0.0299,  -0.4149,   0.2433,  -2.8619,   7368.1357,   5.4835,       49.5224         52.3881
4HPH2 ,0.0656,0.0656,0.1311,0.0492,0.0656,0.0656,0.0328,0.0000,0.0492,0.0492,0.0328,0.0164,0.0164,0.0000,0.0984,0.0820,0.0656,0.0984,0.0000,0.0164,  -0.4852,   0.3902,  -2.8309,   6846.5937,   5.5006,       31.9197         54.2623
0C1W4 ,0.0968,0.0645,0.0645,0.0645,0.0484,0.0645,0.0645,0.0161,0.0161,0.0806,0.0645,0.0484,0.0323,0.0000,0.0968,0.0484,0.0484,0.0806,0.0000,0.0000,  -0.1645,   0.0855,  -1.7634,   6917.8966,   6.3809,       24.9613         70.8065
0C259 ,0.0698,0.1860,0.0465,0.0000,0.0233,0.0930,0.0000,0.0465,0.0698,0.0233,0.0233,0.0465,0.1163,0.0233,0.0465,0.0698,0.0698,0.0000,0.0233,0.0233,  -0.2698,   -0.0721,  2.2429,   4585.3402,   8.5118,       21.7512         34.1860
0C830 ,0.0000,0.1765,0.0000,0.0294,0.0000,0.0588,0.0000,0.0000,0.0882,0.0294,0.0588,0.0294,0.1471,0.0588,0.0000,0.0882,0.1765,0.0294,0.0000,0.0294,  -0.4588,   -0.0912,  1.3045,   3626.2523,   8.3253,       79.1353         20.0000
0C832 ,0.0811,0.1622,0.0270,0.0270,0.0000,0.0811,0.0000,0.0270,0.0541,0.0000,0.0270,0.0541,0.0270,0.0000,0.0270,0.1892,0.0811,0.0270,0.0000,0.1081,  -0.2973,   -0.1351,  0.2985,   3912.3426,   7.7558,       38.8027         26.4865
0C833 ,0.0814,0.0930,0.0465,0.0116,0.0233,0.0465,0.0116,0.0581,0.0698,0.1163,0.0233,0.0349,0.0349,0.0349,0.0698,0.0581,0.1047,0.0581,0.0116,0.0116,  0.1453,   -0.1128,  6.0045,   9464.1642,   9.2213,       48.7012         93.0233
0C834 ,0.1039,0.0779,0.0130,0.0649,0.0519,0.0519,0.0260,0.0390,0.0779,0.0909,0.0260,0.0390,0.0130,0.0519,0.0519,0.0909,0.0519,0.0260,0.0519,0.0000,  -0.2026,   -0.1078,  3.1008,   8754.0750,   8.8803,       30.1000         68.5714
69499 ,0.0147,0.1471,0.0000,0.0147,0.0588,0.0441,0.0147,0.0147,0.0147,0.1176,0.0441,0.0294,0.0588,0.0294,0.1324,0.0588,0.0735,0.0882,0.0147,0.0294,  0.3074,   -0.3691,  7.9560,   7926.5700,   9.4392,       51.2368         78.6765
45RU7 ,0.0645,0.2258,0.0323,0.0323,0.0000,0.1613,0.0000,0.0323,0.0968,0.0000,0.0000,0.0323,0.0323,0.0323,0.0645,0.0968,0.0323,0.0323,0.0000,0.0323,  -0.4161,   0.2677,  2.2741,   3185.6622,   8.5804,       52.1065         28.3871
5K0D2 ,0.0610,0.0854,0.0366,0.0488,0.0854,0.0732,0.0244,0.0488,0.0732,0.0976,0.0488,0.0366,0.0366,0.0000,0.0366,0.0610,0.0854,0.0244,0.0244,0.0122,  0.1585,   -0.2390,  1.0679,   9234.8146,   8.2022,       33.4195         70.2439
5K0D3 ,0.0649,0.1039,0.0390,0.0130,0.0130,0.0649,0.0130,0.0649,0.0779,0.0779,0.0260,0.0130,0.0130,0.0260,0.0519,0.1169,0.1039,0.0649,0.0000,0.0519,  0.1455,   -0.1364,  4.9948,   8351.7469,   9.0149,       38.4909         81.0390
5K0D5 ,0.0556,0.1111,0.0139,0.0278,0.0000,0.0694,0.0139,0.0417,0.0556,0.0972,0.0139,0.0000,0.0278,0.0278,0.1250,0.1111,0.1389,0.0694,0.0000,0.0000,  -0.0722,   0.1319,  9.0137,   7758.1150,   9.9127,       55.7125         79.8611
5K0D6 ,0.0641,0.1026,0.0385,0.0128,0.0128,0.0513,0.0128,0.0641,0.0897,0.0769,0.0385,0.0385,0.0385,0.0256,0.0385,0.0769,0.1026,0.0769,0.0000,0.0385,  0.1513,   -0.1474,  4.9948,   8495.0397,   9.0151,       38.5115         83.7179
5K0D7 ,0.0833,0.1111,0.0694,0.0278,0.0000,0.0417,0.0139,0.0417,0.0694,0.1250,0.0278,0.0278,0.0278,0.0278,0.0556,0.0556,0.1111,0.0556,0.0000,0.0278,  0.0569,   0.0069,  1.0058,   7856.1764,   8.1439,       35.1139         89.4444
5K0D8 ,0.0769,0.1026,0.0385,0.0128,0.0128,0.0513,0.0128,0.0513,0.0897,0.0897,0.0385,0.0385,0.0385,0.0256,0.0385,0.0769,0.0897,0.0769,0.0000,0.0385,  0.1744,   -0.1487,  4.9948,   8465.0137,   9.0151,       37.4231         85.0000
9XZK3 ,0.0641,0.1026,0.0385,0.0128,0.0128,0.0513,0.0128,0.0641,0.0897,0.0769,0.0513,0.0385,0.0385,0.0256,0.0385,0.0769,0.1026,0.0641,0.0000,0.0385,  0.1218,   -0.1449,  4.9948,   8527.1047,   9.0151,       43.6577         80.0000
9XZK4 ,0.0649,0.1039,0.0390,0.0130,0.0130,0.0649,0.0130,0.0519,0.0779,0.0779,0.0390,0.0130,0.0130,0.0260,0.0519,0.1169,0.1169,0.0519,0.0000,0.0519,  0.0481,   -0.1156,  4.9948,   8371.7582,   9.0149,       35.3065         72.2078
4UJF7 ,0.0556,0.0833,0.0972,0.0417,0.0417,0.0972,0.0139,0.0139,0.0139,0.0417,0.0694,0.0417,0.0417,0.0000,0.0972,0.0972,0.0694,0.0694,0.0000,0.0139,  -0.3486,   0.2111,  -2.9156,   7829.7827,   5.1076,       40.0722         47.3611
4UKB4 ,0.0781,0.0625,0.1250,0.0312,0.0625,0.0781,0.0312,0.0156,0.0469,0.0469,0.0781,0.0156,0.0312,0.0000,0.0938,0.0625,0.0312,0.0938,0.0000,0.0156,  -0.2172,   0.2359,  -1.8318,   7160.1846,   6.0171,       31.6078         59.3750
4HPG9 ,0.0541,0.1081,0.1622,0.0270,0.0000,0.1351,0.0270,0.0000,0.0811,0.0000,0.0270,0.0270,0.0270,0.0000,0.1622,0.1081,0.0000,0.0000,0.0000,0.0541,  -1.7243,   1.0270,  1.1060,   4153.4774,   8.4575,       66.4000         5.4054
4HPH3 ,0.0533,0.0800,0.0533,0.0267,0.0267,0.0533,0.0133,0.0133,0.0533,0.0400,0.0267,0.0400,0.1067,0.0133,0.0800,0.0800,0.1200,0.1067,0.0000,0.0133,  -0.3533,   0.1253,  3.0740,   8100.2585,   8.8965,       42.3320         57.0667
4HPH4 ,0.0625,0.0938,0.0469,0.0156,0.0312,0.0625,0.0156,0.0156,0.0156,0.0625,0.0312,0.0469,0.0781,0.0156,0.0625,0.0938,0.1094,0.1250,0.0000,0.0156,  0.1750,   -0.1969,  0.0813,   6778.7730,   7.5874,       34.0094         72.9688
2BKK1 ,0.0526,0.0921,0.0789,0.0395,0.0395,0.0789,0.0263,0.0132,0.0658,0.1447,0.0395,0.0132,0.0658,0.0395,0.0921,0.0658,0.0132,0.0263,0.0132,0.0000,  -0.3342,   0.2039,  2.0732,   8550.9705,   8.5573,       44.7474         74.4737
2BKK5 ,0.0556,0.0972,0.1111,0.0278,0.0278,0.0694,0.0278,0.0139,0.0417,0.1389,0.0278,0.0278,0.0694,0.0417,0.0833,0.0694,0.0278,0.0278,0.0139,0.0000,  -0.4014,   0.2069,  -1.9206,   8006.1288,   6.0154,       43.7778         73.1944
2BKK9 ,0.0411,0.0959,0.1096,0.0411,0.0274,0.0548,0.0274,0.0274,0.0411,0.1233,0.0548,0.0274,0.0548,0.0411,0.0822,0.0822,0.0274,0.0274,0.0137,0.0000,  -0.3904,   0.2205,  -2.9197,   8259.4677,   5.5001,       44.3726         70.8219
2BKV7 ,0.0548,0.0959,0.1096,0.0274,0.0274,0.0685,0.0274,0.0137,0.0411,0.1096,0.0548,0.0274,0.0685,0.0411,0.0822,0.0685,0.0274,0.0411,0.0137,0.0000,  -0.3904,   0.1973,  -1.9206,   8141.3366,   6.0154,       41.8877         65.4795
45RU8 ,0.0455,0.1364,0.0455,0.0227,0.0000,0.0682,0.0227,0.0227,0.0455,0.1364,0.0227,0.0682,0.0000,0.0227,0.0682,0.1364,0.0682,0.0682,0.0000,0.0000,  0.0750,   -0.0114,  1.3407,   4688.4169,   8.3443,       41.5250         86.3636
45RU9 ,0.1364,0.0152,0.0606,0.0455,0.0455,0.0606,0.0000,0.0758,0.0152,0.2121,0.0303,0.0303,0.0758,0.0152,0.0455,0.0909,0.0303,0.0152,0.0000,0.0000,  0.6455,   -0.2530,  -3.7894,   6953.1063,   4.3855,       39.6076         130.3030
4UJD9 ,0.0500,0.0750,0.0500,0.0125,0.0250,0.0750,0.0125,0.0125,0.0625,0.0375,0.0625,0.0375,0.1000,0.0125,0.0875,0.0750,0.1000,0.1000,0.0000,0.0125,  -0.3225,   0.1113,  6.0699,   8662.0892,   9.4963,       37.9475         53.5000
4UJE7 ,0.0645,0.0806,0.0645,0.0000,0.0323,0.0484,0.0161,0.0484,0.0645,0.1452,0.0323,0.0000,0.0645,0.0484,0.0806,0.0806,0.0484,0.0645,0.0000,0.0161,  0.2065,   -0.0823,  4.1019,   6866.1765,   9.2601,       45.6871         100.6452
4UJQ7 ,0.0484,0.0806,0.0806,0.0000,0.0161,0.0161,0.0323,0.0484,0.0806,0.1452,0.0323,0.0323,0.0968,0.0645,0.0484,0.0484,0.0484,0.0806,0.0000,0.0000,  0.0129,   -0.0290,  2.1316,   6914.2178,   8.7357,       49.2806         103.7097
4UJX8 ,0.1034,0.0862,0.0517,0.0000,0.0517,0.0345,0.0345,0.0517,0.0690,0.1207,0.0345,0.0345,0.0862,0.0172,0.0517,0.0517,0.0690,0.0517,0.0000,0.0000,  0.3052,   -0.2017,  3.1341,   6315.5272,   9.0393,       56.7948         92.5862
4UJZ7 ,0.1053,0.0702,0.0702,0.0702,0.0526,0.0526,0.0702,0.0175,0.0175,0.0877,0.0175,0.0526,0.0351,0.0000,0.0877,0.0526,0.0526,0.0877,0.0000,0.0000,  -0.1930,   0.1088,  -2.7633,   6311.0716,   6.0058,       28.1018         77.0175
4UK94 ,0.0282,0.1268,0.0423,0.0563,0.0282,0.0986,0.0141,0.0141,0.0282,0.1408,0.0563,0.0000,0.0282,0.0141,0.0423,0.0986,0.0845,0.0845,0.0141,0.0000,  0.5324,   -0.2394,  -3.0080,   7594.9607,   5.0454,       30.8873         87.7465
4UKA0 ,0.0746,0.0896,0.0896,0.0299,0.0299,0.0299,0.0000,0.0746,0.0299,0.1493,0.0149,0.0299,0.0746,0.0000,0.1194,0.0299,0.0896,0.0299,0.0149,0.0000,  0.0910,   0.0657,  1.0538,   7562.8861,   8.3045,       64.0269         103.4328
4UKL2 ,0.0580,0.0870,0.0435,0.0145,0.0290,0.0725,0.0145,0.0145,0.0145,0.0580,0.0725,0.0290,0.0725,0.0145,0.0725,0.0870,0.1159,0.1159,0.0000,0.0145,  0.2145,   -0.2043,  1.0813,   7372.5993,   8.3069,       32.9377         67.6812
